Note: [none]
Total # of Iterations:	2e+05	
Sample size:	253	
Maximum likelihood:	# Parameters:	AIC corr:	AIC:	Slope:	R2:
-233.7841	6	479.9097	479.5683	1.018738	0.4385901	
Model:	mcombrat3
PDF:	dnorm
Support interval range:	2

Varying parameters:
Label	MLE	Lower S.I.	Upper S.I.	Std Err	Lower Bound	Upper Bound	Final step size
MR	0.9988132	0.3495846	1	1.895563	0	1	0.3265306	
Topt	5.460629	5	6.623779	7.012456	5	20	15	
Tb	0.4632043	0.3181789	0.6356026	0.5885563	0.01	5	4.99	
Pa	0.7712107	0.2685453	0.8	1.463615	0.2	0.8	0.6	
Pd	4.449138	0.01	5	48.2476	0.01	5	4.99	
Pc	0.008491811	0.002700461	0.01	0.04074342	1e-04	0.01	0.0099	

Non-varying parameters:
Label	Value
mean	predicted	
x	rat	
prec	prec	
tmed	tmed	
log	TRUE	


Annealing regime:
Initial temp	Rt	ns	nt
5	0.975	20	100

Variance - Covariance Matrix:
	MR	Topt	Tb	Pa	Pd	Pc
MR	3.593157	-5.426252	0.312079	-1.454578	-2.317222	-0.002071423	
Topt	-5.426252	49.17454	-3.739597	-4.189756	-17.56737	-0.01077553	
Tb	0.312079	-3.739597	0.3463985	0.2409647	-0.9428599	-0.002087341	
Pa	-1.454578	-4.189756	0.2409647	2.142169	-1.78919	-0.001599402	
Pd	-2.317222	-17.56737	-0.9428599	-1.78919	2327.831	1.913808	
Pc	-0.002071423	-0.01077553	-0.002087341	-0.001599402	1.913808	0.001660026	

Source data
rat	tmed	prec	predicted	
0.4759616	11.81506	559.2	0.1849424	
0.3003152	11.736	635.5	0.1929581	
0.3938742	11.01136	759.1	0.2430774	
0.3736255	10.63505	561.4	0.2633429	
0.1600306	10.74701	308.2	0.1912671	
0.1650547	10.92373	499.1	0.2356144	
0.1405044	10.65338	426.4	0.2415028	
0.2793442	10.13953	728.2	0.3126373	
0.2575962	11.37159	889.7	0.2193063	
0.2420352	10.44594	1428.5	0.2889511	
0.2945809	10.68331	609.9	0.2629893	
0.1342082	10.97178	552.5	0.2377877	
0.2948654	10.09672	584.9	0.3096347	
0.1885472	10.88113	484	0.2365129	
0.1472617	11.48234	368.1	0.1748845	
0.1241091	10.91439	590.5	0.2446001	
0.1573864	11.61667	368.8	0.1681197	
0.2249388	9.9215	1022.5	0.3353135	
0.6260474	10.40382	555.4	0.2810824	
0.4121322	10.34639	631.3	0.2912321	
0.5715017	9.428958	758.4	0.3816059	
0.5446219	9.050484	565.1	0.4096123	
0.4744601	9.207542	312.2	0.2978801	
0.5349582	9.288868	502.9	0.3749909	
0.3405907	8.983948	437	0.3877337	
0.5210497	8.392047	716.7	0.4958781	
0.4548816	9.816253	887.9	0.3447677	
0.5954203	8.801879	1421.6	0.4528812	
0.5923556	8.94437	601.7	0.4251551	
0.4001922	9.426972	561.4	0.3702556	
0.4739078	8.407901	576.1	0.4826385	
0.4527148	9.156835	494.8	0.3866207	
0.4141188	9.872912	359.5	0.2756993	
0.4945938	9.220841	619.1	0.3970141	
0.4601859	10.06176	364.9	0.2639057	
0.5061606	8.12988	1009.9	0.5320983	
0.1543426	15.39656	208.4	0.02950994	
0.1832787	15.09243	217.7	0.03438951	
0.1523323	14.97087	213.4	0.03480872	
0.3161728	14.6502	319	0.05918968	
0.1251806	14.48524	101.8	0.01286586	
0.08662605	15.12706	260.6	0.04212987	
0.1073976	14.68435	167.7	0.02698658	
0.1177354	14.63184	256.5	0.0483759	
0.1325189	15.36337	325.7	0.04809798	
0.4343702	14.5268	436.6	0.07419334	
0.2418193	15.04664	203.2	0.03182783	
0.01669328	15.13608	207.8	0.03190017	
0.1009567	14.43493	181.3	0.032801	
0.03109615	15.50237	142.9	0.01624017	
0.1053782	15.65799	223.7	0.02981724	
0.1208357	15.34972	283	0.04274107	
0.1397098	15.58787	140.1	0.01531537	
0.08104308	14.57152	337.8	0.06338174	
0.04561179	15.32993	104.8	0.01034533	
0.09793627	15.80108	199.5	0.02449223	
0.06287278	15.51106	240	0.03402924	
0.1351467	16.53306	303.7	0.03148233	
0.09732386	13.31781	361.6	0.09830753	
0.1655779	13.11083	330.5	0.0985169	
0.1609994	12.85564	327.3	0.1058648	
0.1874337	12.68337	348.6	0.116895	
0.0406339	12.70888	144.9	0.03980613	
0.07405498	12.9846	327.7	0.1018028	
0.05920739	12.51785	332.5	0.1189498	
0.03349928	12.51045	265.6	0.09740236	
0.09358744	13.48725	358.1	0.092663	
0.1480221	12.65853	484.3	0.1379163	
0.1508633	12.93468	330.9	0.1041603	
0.04389473	12.90525	290	0.09405096	
0.1161283	12.39118	215.9	0.07910325	
0.04617053	13.19346	222.2	0.06400992	
0.07283431	13.34513	214.1	0.05819089	
0.03174495	13.01616	274	0.0859865	
0.08635824	13.70839	171.4	0.03788403	
0.08286346	12.15359	395.5	0.1484635	
0.07499991	13.21725	204.7	0.05703117	
0.07621066	13.56741	275.8	0.072882	
0.04650233	13.33447	196.6	0.05200501	
0.07267583	14.66723	254.4	0.04740961	
0.1684874	14.31136	202.9	0.0400109	
0.1775987	14.03289	222.2	0.04923299	
0.1766173	13.75783	199	0.04633565	
0.2561497	13.44531	323.2	0.08724518	
0.08581704	13.29281	107.3	0.02035875	
0.08165883	13.85621	266.1	0.06418321	
0.1181447	13.40368	171.8	0.04181711	
0.1629166	13.29086	260.9	0.07500244	
0.1210237	14.15875	320.7	0.06935415	
0.1912346	13.24589	436.9	0.1108346	
0.1455412	13.70181	203.9	0.04875982	
0.02651434	13.9476	211.9	0.0475445	
0.05568562	13.13108	176.2	0.04728775	
0.03503488	14.17628	142.3	0.02445844	
0.05777684	14.40997	229.5	0.04554985	
0.02008387	14.03355	296	0.06737768	
0.07143941	14.3783	143.1	0.02316374	
0.06278213	13.19144	331.5	0.09629253	
0.1573845	13.22271	366.4	0.1021049	
0.09247242	13.00417	344.7	0.104999	
0.1796374	12.71884	354.1	0.1168402	
0.1271469	12.64827	327.9	0.113052	
0.04003083	12.66909	147.1	0.04128103	
0.1220973	12.90435	370.9	0.1135794	
0.05457975	12.35925	318.7	0.1208761	
0.09209923	12.24473	298.7	0.1185112	
0.08777828	13.21941	476.6	0.1152909	
0.147539	12.50525	561.7	0.1497723	
0.1625557	12.83743	271.4	0.09001938	
0.04442081	13.05593	276.6	0.08573839	
0.1986661	12.1365	382	0.1464641	
0.08226787	13.12328	258.1	0.07810635	
0.07064392	13.41941	213.9	0.05678727	
0.03355328	13.12578	313.9	0.09414954	
0.07154471	13.75114	200	0.04675625	
0.09808652	12.33429	448.9	0.1485953	
0.04748416	13.37264	267.3	0.07501406	
0.1259869	13.44884	321.5	0.08678726	
0.05763474	13.45395	199.8	0.05123893	
0.1068164	12.74955	359.4	0.1168593	
0.1348452	12.55089	335.1	0.1184232	
0.149858	12.19674	348.1	0.1356929	
0.1437259	12.10822	338	0.1365679	
0.04349623	12.14503	141.1	0.04538863	
0.09018941	12.34522	353.4	0.1309635	
0.07338176	11.82288	322.3	0.1437447	
0.04840161	11.73981	285.4	0.1325902	
0.1039761	12.75106	446.3	0.1303543	
0.1173053	11.96879	541	0.1753375	
0.1305473	12.25463	292.8	0.1160328	
0.03379989	12.49898	277.9	0.1023755	
0.1174534	11.61853	326.3	0.1544277	
0.05003962	12.56447	252.3	0.09059434	
0.09789741	12.8414	218.7	0.06997921	
0.03536019	12.54195	304.8	0.1100766	
0.04882452	13.19164	199.1	0.05533926	
0.07868437	11.68466	445.6	0.180745	
0.04198474	12.74521	252.4	0.08570311	
0.09480179	12.92051	323.4	0.1027931	
0.07480113	12.89171	202.2	0.06206036	
0.26936	12.25136	360.2	0.1364848	
0.189034	12.06719	341.6	0.1393498	
0.3093132	11.65683	355.5	0.162275	
0.2482097	11.55707	326.3	0.1573269	
0.04001177	11.61297	147.8	0.05749678	
0.1178683	11.78407	362.9	0.158204	
0.0556492	11.27962	322	0.169271	
0.1127203	11.05442	335.5	0.1867992	
0.1548122	12.19787	532	0.1628709	
0.2486419	11.4048	666.6	0.2142886	
0.3110653	11.72189	305.6	0.1418607	
0.0837598	11.98467	334.9	0.1408811	
0.228604	11.00224	425	0.2176031	
0.1205257	11.95345	333.6	0.1418234	
0.1291197	12.41273	260.8	0.0984551	
0.06625869	11.93446	382.1	0.1558293	
0.09849051	12.7014	207.7	0.06827876	
0.5828131	11.36156	368.2	0.1813923	
0.3738774	11.2134	349.9	0.1835107	
0.5811849	10.68792	390.2	0.2290472	
0.5059657	10.54402	373.1	0.2329036	
0.07626182	10.63039	163	0.08983694	
0.2310098	10.73044	373.2	0.2205938	
0.1078383	10.28368	333.4	0.2329419	
0.1626592	9.905245	376.8	0.2811725	
0.29091	11.18799	612.7	0.226639	
0.4185128	10.32817	799.9	0.2974562	
0.478777	10.55143	353.3	0.2245713	
0.2128957	10.89882	371.2	0.2092507	
0.4040281	9.824873	454	0.3137689	
0.197504	10.75392	385.2	0.2230843	
0.2710632	11.31034	295.9	0.1561172	
0.1525367	10.71864	444.8	0.241047	
0.1960562	11.61003	231.9	0.1099385	
0.3262517	10.01994	506.9	0.3073594	
0.138568	11.08017	279.3	0.1583505	
0.2202332	11.42356	318.8	0.1608218	
0.1085746	12.07944	359	0.1435716	
0.1229677	11.90305	336.2	0.1448482	
0.1445175	11.48727	350.7	0.1692773	
0.127417	11.36707	340.7	0.1720305	
0.04128587	11.44162	143.3	0.05763277	
0.09253699	11.5831	355.1	0.1658172	
0.09946053	11.09165	322.9	0.1794437	
0.0596355	10.91769	297.7	0.176457	
0.1932361	12.02929	458.8	0.164479	
0.2550653	11.21354	572.6	0.2226928	
0.237985	11.43551	302.1	0.1531575	
0.07283805	11.72606	288.3	0.134428	
0.1092085	10.77581	335.8	0.2029736	
0.06899374	11.70423	270.5	0.12709	
0.09069465	12.07968	228.8	0.093717	
0.04204381	11.67049	323.4	0.1509626	
0.1004605	12.4234	201.1	0.07120507	
0.0970911	10.83334	452.6	0.2345797	
0.06027039	11.95002	256.5	0.1114487	
0.1406959	12.1936	322.7	0.1284625	
0.1143764	12.11509	203.9	0.07978406	
0.07969127	11.77294	358.8	0.157597	
0.0690587	11.61888	335.6	0.1577126	
0.09859162	11.17159	351.5	0.1863908	
0.06142529	11.03588	346.2	0.1920815	
0.01988913	11.13217	144.3	0.06394398	
0.0460038	11.23782	355.8	0.1842156	
0.03301357	10.76736	320.7	0.1964495	
0.02011435	10.55713	299.2	0.1970359	
0.09045893	11.71132	459.5	0.1813181	
0.1403275	10.87116	584.4	0.2473551	
0.1341438	11.06629	311.1	0.1754215	
0.02887239	11.36616	293.3	0.1522907	
0.04479617	10.40011	332.7	0.2249134	
0.02434118	11.3142	276.5	0.1461849	
0.05118988	11.72756	233.4	0.1069255	
0.02165737	11.268	330.6	0.1733532	
0.06356096	12.07103	202	0.07983912	
0.3170893	11.36243	360.9	0.1790957	
0.2377955	11.21471	337.3	0.1787764	
0.3464311	10.70226	358	0.2167652	
0.2816574	10.55819	361.3	0.2274141	
0.09565752	10.65748	148.7	0.07718162	
0.1990407	10.74932	358.1	0.213832	
0.1211196	10.27977	322	0.2270691	
0.1466144	10.04482	306.6	0.2331809	
0.2626483	11.26267	479.1	0.2104797	
0.3644781	10.39393	622.5	0.2868027	
0.283016	10.56176	331.7	0.2141331	
0.1164069	10.91	303.2	0.1797478	
0.2163242	9.910485	331.8	0.2580289	
0.1126222	10.81058	289.8	0.1776908	
0.2184333	11.25379	243.3	0.1296076	
0.1012387	10.75417	347.1	0.2091282	
0.1816787	11.60485	204.2	0.09339369	
0.1813105	9.91548	458.2	0.3069332	
0.1076421	11.08597	255.8	0.1442267	
0.2435312	11.4141	319.6	0.1616046	
0.1752625	11.99493	557	0.1749388	
0.121445	11.90282	632.8	0.183316	
0.1414086	11.21308	762	0.2289362	
0.1390418	10.82874	567.7	0.2492847	
0.08112583	10.92854	306.9	0.1806489	
0.08830946	11.12806	503.6	0.2222749	
0.07755052	10.84717	428.3	0.2285782	
0.1060988	10.35224	722.2	0.2940276	
0.1035995	11.56453	889.2	0.2069092	
0.1193004	10.65089	1430.6	0.2722267	
0.147881	10.90389	608.7	0.2464005	
0.09275033	11.18644	551.8	0.2230171	
0.1607469	10.31331	582.8	0.2909018	
0.1034699	11.10675	481.1	0.2207989	
0.1036026	11.68766	365.4	0.1636074	
0.07726855	11.13128	584.3	0.2289754	
0.09549652	11.82421	366.2	0.1571672	
0.0982538	10.1593	1019.7	0.3135069	

Likelihood History
Iteration	Temperature	Likelihood
0	5	-235.4497	
7.166667	5	-235.1407	
7.333333	5	-234.7875	
16	5	-234.7179	
16.16667	5	-234.6286	
16.66667	5	-234.4544	
20.33333	5	-234.3831	
25.16667	5	-234.3608	
25.33333	5	-234.357	
25.5	5	-234.3561	
35.16667	5	-234.2099	
35.33333	5	-234.1894	
35.5	5	-234.1029	
188.3333	5	-233.8689	
1000	5	-233.8689	
1076.833	5	-233.8315	
2000	4.875	-233.8315	
3000	4.875	-233.8315	
4000	4.753125	-233.8315	
5000	4.753125	-233.8315	
5169.833	4.753125	-233.8171	
6000	4.634297	-233.8171	
7000	4.634297	-233.8171	
8000	4.518439	-233.8171	
9000	4.518439	-233.8171	
10000	4.405478	-233.8171	
10685.83	4.405478	-233.8167	
11000	4.405478	-233.8167	
12000	4.295342	-233.8167	
13000	4.295342	-233.8167	
14000	4.187958	-233.8167	
15000	4.187958	-233.8167	
16000	4.083259	-233.8167	
17000	4.083259	-233.8167	
18000	3.981178	-233.8167	
19000	3.981178	-233.8167	
20000	3.881648	-233.8167	
20992.33	3.881648	-233.7994	
21000	3.881648	-233.7994	
22000	3.784607	-233.7994	
23000	3.784607	-233.7994	
24000	3.689992	-233.7994	
25000	3.689992	-233.7994	
26000	3.597742	-233.7994	
27000	3.597742	-233.7994	
28000	3.507798	-233.7994	
29000	3.507798	-233.7994	
30000	3.420103	-233.7994	
31000	3.420103	-233.7994	
32000	3.334601	-233.7994	
33000	3.334601	-233.7994	
34000	3.251236	-233.7994	
35000	3.251236	-233.7994	
36000	3.169955	-233.7994	
37000	3.169955	-233.7994	
38000	3.090706	-233.7994	
39000	3.090706	-233.7994	
40000	3.013438	-233.7994	
41000	3.013438	-233.7994	
42000	2.938102	-233.7994	
43000	2.938102	-233.7994	
44000	2.86465	-233.7994	
45000	2.86465	-233.7994	
46000	2.793034	-233.7994	
47000	2.793034	-233.7994	
48000	2.723208	-233.7994	
49000	2.723208	-233.7994	
50000	2.655128	-233.7994	
51000	2.655128	-233.7994	
52000	2.588749	-233.7994	
53000	2.588749	-233.7994	
54000	2.524031	-233.7994	
55000	2.524031	-233.7994	
56000	2.46093	-233.7994	
57000	2.46093	-233.7994	
58000	2.399407	-233.7994	
59000	2.399407	-233.7994	
60000	2.339421	-233.7994	
61000	2.339421	-233.7994	
62000	2.280936	-233.7994	
63000	2.280936	-233.7994	
64000	2.223913	-233.7994	
65000	2.223913	-233.7994	
66000	2.168315	-233.7994	
67000	2.168315	-233.7994	
68000	2.114107	-233.7994	
69000	2.114107	-233.7994	
70000	2.061254	-233.7994	
71000	2.061254	-233.7994	
72000	2.009723	-233.7994	
73000	2.009723	-233.7994	
74000	1.95948	-233.7994	
74528.33	1.95948	-233.7941	
75000	1.95948	-233.7941	
76000	1.910493	-233.7941	
77000	1.910493	-233.7941	
78000	1.86273	-233.7941	
79000	1.86273	-233.7941	
80000	1.816162	-233.7941	
81000	1.816162	-233.7941	
82000	1.770758	-233.7941	
83000	1.770758	-233.7941	
84000	1.726489	-233.7941	
85000	1.726489	-233.7941	
86000	1.683327	-233.7941	
87000	1.683327	-233.7941	
88000	1.641244	-233.7941	
88601	1.641244	-233.7939	
88601.17	1.641244	-233.7895	
88606.83	1.641244	-233.7868	
88607	1.641244	-233.7865	
88607.67	1.641244	-233.7865	
88607.83	1.641244	-233.7862	
89000	1.641244	-233.7862	
90000	1.600213	-233.7862	
91000	1.600213	-233.7862	
92000	1.560207	-233.7862	
93000	1.560207	-233.7862	
94000	1.521202	-233.7862	
95000	1.521202	-233.7862	
96000	1.483172	-233.7862	
97000	1.483172	-233.7862	
98000	1.446093	-233.7862	
99000	1.446093	-233.7862	
1e+05	1.409941	-233.7862	
101000	1.409941	-233.7862	
102000	1.374692	-233.7862	
103000	1.374692	-233.7862	
104000	1.340325	-233.7862	
105000	1.340325	-233.7862	
106000	1.306817	-233.7862	
107000	1.306817	-233.7862	
108000	1.274146	-233.7862	
109000	1.274146	-233.7862	
110000	1.242293	-233.7862	
111000	1.242293	-233.7862	
112000	1.211235	-233.7862	
113000	1.211235	-233.7862	
114000	1.180954	-233.7862	
115000	1.180954	-233.7862	
116000	1.15143	-233.7862	
117000	1.15143	-233.7862	
118000	1.122645	-233.7862	
119000	1.122645	-233.7862	
120000	1.094579	-233.7862	
121000	1.094579	-233.7862	
122000	1.067214	-233.7862	
123000	1.067214	-233.7862	
124000	1.040534	-233.7862	
125000	1.040534	-233.7862	
126000	1.01452	-233.7862	
127000	1.01452	-233.7862	
128000	0.9891574	-233.7862	
129000	0.9891574	-233.7862	
130000	0.9644285	-233.7862	
131000	0.9644285	-233.7862	
132000	0.9403178	-233.7862	
133000	0.9403178	-233.7862	
134000	0.9168098	-233.7862	
135000	0.9168098	-233.7862	
136000	0.8938896	-233.7862	
137000	0.8938896	-233.7862	
138000	0.8715423	-233.7862	
139000	0.8715423	-233.7862	
140000	0.8497538	-233.7862	
141000	0.8497538	-233.7862	
142000	0.8285099	-233.7862	
143000	0.8285099	-233.7862	
144000	0.8077972	-233.7862	
145000	0.8077972	-233.7862	
146000	0.7876023	-233.7862	
147000	0.7876023	-233.7862	
148000	0.7679122	-233.7862	
149000	0.7679122	-233.7862	
150000	0.7487144	-233.7862	
151000	0.7487144	-233.7862	
152000	0.7299965	-233.7862	
153000	0.7299965	-233.7862	
154000	0.7117466	-233.7862	
155000	0.7117466	-233.7862	
156000	0.693953	-233.7862	
157000	0.693953	-233.7862	
158000	0.6766041	-233.7862	
159000	0.6766041	-233.7862	
160000	0.659689	-233.7862	
161000	0.659689	-233.7862	
162000	0.6431968	-233.7862	
163000	0.6431968	-233.7862	
164000	0.6271169	-233.7862	
165000	0.6271169	-233.7862	
166000	0.611439	-233.7862	
167000	0.611439	-233.7862	
168000	0.596153	-233.7862	
169000	0.596153	-233.7862	
170000	0.5812492	-233.7862	
171000	0.5812492	-233.7862	
172000	0.5667179	-233.7862	
173000	0.5667179	-233.7862	
173002.8	0.5667179	-233.7848	
174000	0.55255	-233.7848	
175000	0.55255	-233.7848	
175129	0.55255	-233.7841	
176000	0.5387362	-233.7841	
177000	0.5387362	-233.7841	
178000	0.5252678	-233.7841	
179000	0.5252678	-233.7841	
180000	0.5121361	-233.7841	
181000	0.5121361	-233.7841	
182000	0.4993327	-233.7841	
183000	0.4993327	-233.7841	
184000	0.4868494	-233.7841	
185000	0.4868494	-233.7841	
186000	0.4746782	-233.7841	
187000	0.4746782	-233.7841	
188000	0.4628112	-233.7841	
189000	0.4628112	-233.7841	
190000	0.4512409	-233.7841	
191000	0.4512409	-233.7841	
192000	0.4399599	-233.7841	
193000	0.4399599	-233.7841	
194000	0.4289609	-233.7841	
195000	0.4289609	-233.7841	
196000	0.4182369	-233.7841	
197000	0.4182369	-233.7841	
198000	0.407781	-233.7841	
199000	0.407781	-233.7841	
2e+05	0.3975864	-233.7841	
