Note: [none]
Total # of Iterations:	2e+05	
Sample size:	253	
Maximum likelihood:	# Parameters:	AIC corr:	AIC:	Slope:	R2:
-233.6393	6	479.6201	479.2787	0.9891185	0.5014758	
Model:	mcombrat7
PDF:	dnorm
Support interval range:	2

Varying parameters:
Label	MLE	Lower S.I.	Upper S.I.	Std Err	Lower Bound	Upper Bound	Final step size
MR	0.6777896	0.2372264	1	1.17167	0	1	0.6666667	
Ta	0.2	0	0.2	0.5465702	0	0.2	0.2	
k	-1.379451	-2	-0.2365213	3.042727	-2	2	2.929688	
Topt	9.590412	0	10.93547	3.69277	0	20	16	
Popt	630.1525	300	1000	847.9822	300	1000	700	
Pb	1.223105	0.2690831	5	3.319189	0	5	5	

Non-varying parameters:
Label	Value
mean	predicted	
x	rat	
prec	prec	
tmed	tmed	
log	TRUE	


Annealing regime:
Initial temp	Rt	ns	nt
5	0.975	20	100

Variance - Covariance Matrix:
	MR	Ta	k	Topt	Popt	Pb
MR	1.372809	-0.492895	2.732419	-4.106025	-185.2402	-0.1096419	
Ta	-0.492895	0.298739	-1.280885	1.464467	216.4047	-0.8370388	
k	2.732419	-1.280885	9.258188	-8.98405	-408.8054	0.9927789	
Topt	-4.106025	1.464467	-8.98405	13.63655	583.6005	-0.2778776	
Popt	-185.2402	216.4047	-408.8054	583.6005	719073.8	-543.1954	
Pb	-0.1096419	-0.8370388	0.9927789	-0.2778776	-543.1954	11.01702	

Source data
rat	tmed	prec	predicted	
0.4759616	11.81506	559.2	0.1588804	
0.3003152	11.736	635.5	0.1622744	
0.3938742	11.01136	759.1	0.2001655	
0.3736255	10.63505	561.4	0.2382686	
0.1600306	10.74701	308.2	0.1913153	
0.1650547	10.92373	499.1	0.20614	
0.1405044	10.65338	426.4	0.225436	
0.2793442	10.13953	728.2	0.3064852	
0.2575962	11.37159	889.7	0.1714005	
0.2420352	10.44594	1428.5	0.2102441	
0.2945809	10.68331	609.9	0.2337781	
0.1342082	10.97178	552.5	0.204582	
0.2948654	10.09672	584.9	0.3150801	
0.1885472	10.88113	484	0.2088535	
0.1472617	11.48234	368.1	0.156803	
0.1241091	10.91439	590.5	0.2104534	
0.1573864	11.61667	368.8	0.1515298	
0.2249388	9.9215	1022.5	0.3197688	
0.6260474	10.40382	555.4	0.2673183	
0.4121322	10.34639	631.3	0.2768657	
0.5715017	9.428958	758.4	0.4317601	
0.5446219	9.050484	565.1	0.5012229	
0.4744601	9.207542	312.2	0.4042058	
0.5349582	9.288868	502.9	0.4544672	
0.3405907	8.983948	437	0.4913939	
0.5210497	8.392047	716.7	0.5873965	
0.4548816	9.816253	887.9	0.3507237	
0.5954203	8.801879	1421.6	0.4337291	
0.5923556	8.94437	601.7	0.5197022	
0.4001922	9.426972	561.4	0.4351621	
0.4739078	8.407901	576.1	0.5874646	
0.4527148	9.156835	494.8	0.476023	
0.4141188	9.872912	359.5	0.3190808	
0.4945938	9.220841	619.1	0.4742734	
0.4601859	10.06176	364.9	0.290986	
0.5061606	8.12988	1009.9	0.5699946	
0.1543426	15.39656	208.4	0.09015371	
0.1832787	15.09243	217.7	0.09311752	
0.1523323	14.97087	213.4	0.0918286	
0.3161728	14.6502	319	0.1165375	
0.1251806	14.48524	101.8	0.04485191	
0.08662605	15.12706	260.6	0.104663	
0.1073976	14.68435	167.7	0.07573478	
0.1177354	14.63184	256.5	0.1038744	
0.1325189	15.36337	325.7	0.1173553	
0.4343702	14.5268	436.6	0.1301639	
0.2418193	15.04664	203.2	0.08853833	
0.01669328	15.13608	207.8	0.09001301	
0.1009567	14.43493	181.3	0.08109772	
0.03109615	15.50237	142.9	0.06501862	
0.1053782	15.65799	223.7	0.09480652	
0.1208357	15.34972	283	0.1095778	
0.1397098	15.58787	140.1	0.06373842	
0.08104308	14.57152	337.8	0.1195339	
0.04561179	15.32993	104.8	0.04630614	
0.09793627	15.80108	199.5	0.08718479	
0.06287278	15.51106	240	0.0993932	
0.1351467	16.53306	303.7	0.1134775	
0.09732386	13.31781	361.6	0.1251207	
0.1655779	13.11083	330.5	0.1215845	
0.1609994	12.85564	327.3	0.1225849	
0.1874337	12.68337	348.6	0.127245	
0.0406339	12.70888	144.9	0.06936077	
0.07405498	12.9846	327.7	0.12182	
0.05920739	12.51785	332.5	0.1264422	
0.03349928	12.51045	265.6	0.1130201	
0.09358744	13.48725	358.1	0.124078	
0.1480221	12.65853	484.3	0.1400361	
0.1508633	12.93468	330.9	0.1226403	
0.04389473	12.90525	290	0.1153739	
0.1161283	12.39118	215.9	0.09997925	
0.04617053	13.19346	222.2	0.09687685	
0.07283431	13.34513	214.1	0.09388347	
0.03174495	13.01616	274	0.1112878	
0.08635824	13.70839	171.4	0.07797254	
0.08286346	12.15359	395.5	0.1403525	
0.07499991	13.21725	204.7	0.09121062	
0.07621066	13.56741	275.8	0.1096813	
0.04650233	13.33447	196.6	0.08809482	
0.07267583	14.66723	254.4	0.1033416	
0.1684874	14.31136	202.9	0.08877278	
0.1775987	14.03289	222.2	0.09509769	
0.1766173	13.75783	199	0.08805526	
0.2561497	13.44531	323.2	0.1190722	
0.08581704	13.29281	107.3	0.04870015	
0.08165883	13.85621	266.1	0.1069155	
0.1181447	13.40368	171.8	0.07867565	
0.1629166	13.29086	260.9	0.1070548	
0.1210237	14.15875	320.7	0.1172376	
0.1912346	13.24589	436.9	0.1329408	
0.1455412	13.70181	203.9	0.08979354	
0.02651434	13.9476	211.9	0.09203361	
0.05568562	13.13108	176.2	0.08114378	
0.03503488	14.17628	142.3	0.06513521	
0.05777684	14.40997	229.5	0.09689019	
0.02008387	14.03355	296	0.1129827	
0.07143941	14.3783	143.1	0.0653859	
0.06278213	13.19144	331.5	0.1213616	
0.1573845	13.22271	366.4	0.1261253	
0.09247242	13.00417	344.7	0.1243202	
0.1796374	12.71884	354.1	0.127709	
0.1271469	12.64827	327.9	0.1243619	
0.04003083	12.66909	147.1	0.07058873	
0.1220973	12.90435	370.9	0.1284626	
0.05457975	12.35925	318.7	0.1260221	
0.09209923	12.24473	298.7	0.1237952	
0.08777828	13.21941	476.6	0.1355842	
0.147539	12.50525	561.7	0.1444727	
0.1625557	12.83743	271.4	0.1117344	
0.04442081	13.05593	276.6	0.11167	
0.1986661	12.1365	382	0.1391139	
0.08226787	13.12328	258.1	0.1070188	
0.07064392	13.41941	213.9	0.09362099	
0.03355328	13.12578	313.9	0.1187339	
0.07154471	13.75114	200	0.0884055	
0.09808652	12.33429	448.9	0.1420306	
0.04748416	13.37264	267.3	0.1083024	
0.1259869	13.44884	321.5	0.1187802	
0.05763474	13.45395	199.8	0.08890171	
0.1068164	12.74955	359.4	0.1281691	
0.1348452	12.55089	335.1	0.1265011	
0.149858	12.19674	348.1	0.1333827	
0.1437259	12.10822	338	0.1333985	
0.04349623	12.14503	141.1	0.07147523	
0.09018941	12.34522	353.4	0.1318275	
0.07338176	11.82288	322.3	0.1371567	
0.04840161	11.73981	285.4	0.1314736	
0.1039761	12.75106	446.3	0.1368469	
0.1173053	11.96879	541	0.1540028	
0.1305473	12.25463	292.8	0.1224049	
0.03379989	12.49898	277.9	0.1160532	
0.1174534	11.61853	326.3	0.1442395	
0.05003962	12.56447	252.3	0.1091129	
0.09789741	12.8414	218.7	0.09739243	
0.03536019	12.54195	304.8	0.1212674	
0.04882452	13.19164	199.1	0.08938864	
0.07868437	11.68466	445.6	0.1576786	
0.04198474	12.74521	252.4	0.1076872	
0.09480179	12.92051	323.4	0.121504	
0.07480113	12.89171	202.2	0.0916853	
0.26936	12.25136	360.2	0.1342266	
0.189034	12.06719	341.6	0.1347948	
0.3093132	11.65683	355.5	0.1480567	
0.2482097	11.55707	326.3	0.1464759	
0.04001177	11.61297	147.8	0.08266441	
0.1178683	11.78407	362.9	0.1450975	
0.0556492	11.27962	322	0.1579454	
0.1127203	11.05442	335.5	0.1743319	
0.1548122	12.19787	532	0.1485931	
0.2486419	11.4048	666.6	0.1763955	
0.3110653	11.72189	305.6	0.1366386	
0.0837598	11.98467	334.9	0.1354422	
0.228604	11.00224	425	0.1929705	
0.1205257	11.95345	333.6	0.1359313	
0.1291197	12.41273	260.8	0.112858	
0.06625869	11.93446	382.1	0.1435934	
0.09849051	12.7014	207.7	0.09465978	
0.5828131	11.36156	368.2	0.1624447	
0.3738774	11.2134	349.9	0.1672705	
0.5811849	10.68792	390.2	0.2161044	
0.5059657	10.54402	373.1	0.2283253	
0.07626182	10.63039	163	0.1301893	
0.2310098	10.73044	373.2	0.2086919	
0.1078383	10.28368	333.4	0.2498464	
0.1626592	9.905245	376.8	0.3192113	
0.29091	11.18799	612.7	0.1894119	
0.4185128	10.32817	799.9	0.2742426	
0.478777	10.55143	353.3	0.2229582	
0.2128957	10.89882	371.2	0.1931945	
0.4040281	9.824873	454	0.3503912	
0.197504	10.75392	385.2	0.2086661	
0.2710632	11.31034	295.9	0.1501958	
0.1525367	10.71864	444.8	0.2208591	
0.1960562	11.61003	231.9	0.1196206	
0.3262517	10.01994	506.9	0.3234624	
0.138568	11.08017	279.3	0.1579939	
0.2202332	11.42356	318.8	0.1503689	
0.1085746	12.07944	359	0.1371988	
0.1229677	11.90305	336.2	0.1375932	
0.1445175	11.48727	350.7	0.1537681	
0.127417	11.36707	340.7	0.1573939	
0.04128587	11.44162	143.3	0.08392723	
0.09253699	11.5831	355.1	0.1506643	
0.09946053	11.09165	322.9	0.1690259	
0.0596355	10.91769	297.7	0.1743973	
0.1932361	12.02929	458.8	0.1485976	
0.2550653	11.21354	572.6	0.1872001	
0.237985	11.43551	302.1	0.1460798	
0.07283805	11.72606	288.3	0.1325689	
0.1092085	10.77581	335.8	0.196223	
0.06899374	11.70423	270.5	0.1286697	
0.09069465	12.07968	228.8	0.1082181	
0.04204381	11.67049	323.4	0.1419131	
0.1004605	12.4234	201.1	0.09455543	
0.0970911	10.83334	452.6	0.2104411	
0.06027039	11.95002	256.5	0.1188564	
0.1406959	12.1936	322.7	0.1292378	
0.1143764	12.11509	203.9	0.09913975	
0.07969127	11.77294	358.8	0.1448173	
0.0690587	11.61888	335.6	0.1459832	
0.09859162	11.17159	351.5	0.1700562	
0.06142529	11.03588	346.2	0.1778798	
0.01988913	11.13217	144.3	0.09351271	
0.0460038	11.23782	355.8	0.1669523	
0.03301357	10.76736	320.7	0.1930684	
0.02011435	10.55713	299.2	0.2065686	
0.09045893	11.71132	459.5	0.1578069	
0.1403275	10.87116	584.4	0.214289	
0.1341438	11.06629	311.1	0.1677783	
0.02887239	11.36616	293.3	0.1469286	
0.04479617	10.40011	332.7	0.2349397	
0.02434118	11.3142	276.5	0.1447346	
0.05118988	11.72756	233.4	0.1169141	
0.02165737	11.268	330.6	0.1604031	
0.06356096	12.07103	202	0.09907565	
0.3170893	11.36243	360.9	0.1612157	
0.2377955	11.21471	337.3	0.1647262	
0.3464311	10.70226	358	0.2082861	
0.2816574	10.55819	361.3	0.2241061	
0.09565752	10.65748	148.7	0.117933	
0.1990407	10.74932	358.1	0.2037869	
0.1211196	10.27977	322	0.2465804	
0.1466144	10.04482	306.6	0.2727201	
0.2626483	11.26267	479.1	0.1800857	
0.3644781	10.39393	622.5	0.2701084	
0.283016	10.56176	331.7	0.2161819	
0.1164069	10.91	303.2	0.1765599	
0.2163242	9.910485	331.8	0.3030945	
0.1126222	10.81058	289.8	0.1802406	
0.2184333	11.25379	243.3	0.1368392	
0.1012387	10.75417	347.1	0.2008839	
0.1816787	11.60485	204.2	0.109419	
0.1813105	9.91548	458.2	0.335311	
0.1076421	11.08597	255.8	0.1498984	
0.2435312	11.4141	319.6	0.1509573	
0.1752625	11.99493	557	0.1537491	
0.121445	11.90282	632.8	0.157002	
0.1414086	11.21308	762	0.1855529	
0.1390418	10.82874	567.7	0.2179392	
0.08112583	10.92854	306.9	0.1762152	
0.08830946	11.12806	503.6	0.1903855	
0.07755052	10.84717	428.3	0.2064127	
0.1060988	10.35224	722.2	0.2743138	
0.1035995	11.56453	889.2	0.1624035	
0.1193004	10.65089	1430.6	0.1897192	
0.147881	10.90389	608.7	0.2116082	
0.09275033	11.18644	551.8	0.1884521	
0.1607469	10.31331	582.8	0.2811115	
0.1034699	11.10675	481.1	0.1904579	
0.1036026	11.68766	365.4	0.1485247	
0.07726855	11.13128	584.3	0.1930122	
0.09549652	11.82421	366.2	0.1444081	
0.0982538	10.1593	1019.7	0.2826814	

Likelihood History
Iteration	Temperature	Likelihood
0	5	-233.9214	
5.166667	5	-233.7983	
491	5	-233.7918	
577.5	5	-233.6951	
1000	5	-233.6951	
2000	4.875	-233.6951	
3000	4.875	-233.6951	
4000	4.753125	-233.6951	
5000	4.753125	-233.6951	
6000	4.634297	-233.6951	
7000	4.634297	-233.6951	
8000	4.518439	-233.6951	
9000	4.518439	-233.6951	
10000	4.405478	-233.6951	
11000	4.405478	-233.6951	
12000	4.295342	-233.6951	
13000	4.295342	-233.6951	
13959.33	4.295342	-233.6787	
14000	4.187958	-233.6787	
15000	4.187958	-233.6787	
15614.5	4.187958	-233.6751	
16000	4.083259	-233.6751	
17000	4.083259	-233.6751	
18000	3.981178	-233.6751	
19000	3.981178	-233.6751	
20000	3.881648	-233.6751	
21000	3.881648	-233.6751	
21890.33	3.881648	-233.6611	
21890.5	3.881648	-233.657	
22000	3.784607	-233.657	
23000	3.784607	-233.657	
24000	3.689992	-233.657	
25000	3.689992	-233.657	
26000	3.597742	-233.657	
27000	3.597742	-233.657	
28000	3.507798	-233.657	
29000	3.507798	-233.657	
30000	3.420103	-233.657	
31000	3.420103	-233.657	
32000	3.334601	-233.657	
33000	3.334601	-233.657	
34000	3.251236	-233.657	
35000	3.251236	-233.657	
36000	3.169955	-233.657	
37000	3.169955	-233.657	
38000	3.090706	-233.657	
39000	3.090706	-233.657	
40000	3.013438	-233.657	
41000	3.013438	-233.657	
42000	2.938102	-233.657	
43000	2.938102	-233.657	
44000	2.86465	-233.657	
45000	2.86465	-233.657	
46000	2.793034	-233.657	
47000	2.793034	-233.657	
48000	2.723208	-233.657	
49000	2.723208	-233.657	
50000	2.655128	-233.657	
51000	2.655128	-233.657	
52000	2.588749	-233.657	
53000	2.588749	-233.657	
54000	2.524031	-233.657	
55000	2.524031	-233.657	
56000	2.46093	-233.657	
57000	2.46093	-233.657	
58000	2.399407	-233.657	
59000	2.399407	-233.657	
60000	2.339421	-233.657	
61000	2.339421	-233.657	
62000	2.280936	-233.657	
63000	2.280936	-233.657	
64000	2.223913	-233.657	
65000	2.223913	-233.657	
66000	2.168315	-233.657	
67000	2.168315	-233.657	
68000	2.114107	-233.657	
69000	2.114107	-233.657	
70000	2.061254	-233.657	
71000	2.061254	-233.657	
72000	2.009723	-233.657	
73000	2.009723	-233.657	
74000	1.95948	-233.657	
75000	1.95948	-233.657	
76000	1.910493	-233.657	
77000	1.910493	-233.657	
78000	1.86273	-233.657	
79000	1.86273	-233.657	
80000	1.816162	-233.657	
81000	1.816162	-233.657	
82000	1.770758	-233.657	
83000	1.770758	-233.657	
84000	1.726489	-233.657	
85000	1.726489	-233.657	
86000	1.683327	-233.657	
87000	1.683327	-233.657	
88000	1.641244	-233.657	
89000	1.641244	-233.657	
90000	1.600213	-233.657	
91000	1.600213	-233.657	
92000	1.560207	-233.657	
93000	1.560207	-233.657	
94000	1.521202	-233.657	
94981.83	1.521202	-233.6393	
95000	1.521202	-233.6393	
96000	1.483172	-233.6393	
97000	1.483172	-233.6393	
98000	1.446093	-233.6393	
99000	1.446093	-233.6393	
1e+05	1.409941	-233.6393	
101000	1.409941	-233.6393	
102000	1.374692	-233.6393	
103000	1.374692	-233.6393	
104000	1.340325	-233.6393	
105000	1.340325	-233.6393	
106000	1.306817	-233.6393	
107000	1.306817	-233.6393	
108000	1.274146	-233.6393	
109000	1.274146	-233.6393	
110000	1.242293	-233.6393	
111000	1.242293	-233.6393	
112000	1.211235	-233.6393	
113000	1.211235	-233.6393	
114000	1.180954	-233.6393	
115000	1.180954	-233.6393	
116000	1.15143	-233.6393	
117000	1.15143	-233.6393	
118000	1.122645	-233.6393	
119000	1.122645	-233.6393	
120000	1.094579	-233.6393	
121000	1.094579	-233.6393	
122000	1.067214	-233.6393	
123000	1.067214	-233.6393	
124000	1.040534	-233.6393	
125000	1.040534	-233.6393	
126000	1.01452	-233.6393	
127000	1.01452	-233.6393	
128000	0.9891574	-233.6393	
129000	0.9891574	-233.6393	
130000	0.9644285	-233.6393	
131000	0.9644285	-233.6393	
132000	0.9403178	-233.6393	
133000	0.9403178	-233.6393	
134000	0.9168098	-233.6393	
135000	0.9168098	-233.6393	
136000	0.8938896	-233.6393	
137000	0.8938896	-233.6393	
138000	0.8715423	-233.6393	
139000	0.8715423	-233.6393	
140000	0.8497538	-233.6393	
141000	0.8497538	-233.6393	
142000	0.8285099	-233.6393	
143000	0.8285099	-233.6393	
144000	0.8077972	-233.6393	
145000	0.8077972	-233.6393	
146000	0.7876023	-233.6393	
147000	0.7876023	-233.6393	
148000	0.7679122	-233.6393	
149000	0.7679122	-233.6393	
150000	0.7487144	-233.6393	
151000	0.7487144	-233.6393	
152000	0.7299965	-233.6393	
153000	0.7299965	-233.6393	
154000	0.7117466	-233.6393	
155000	0.7117466	-233.6393	
156000	0.693953	-233.6393	
157000	0.693953	-233.6393	
158000	0.6766041	-233.6393	
159000	0.6766041	-233.6393	
160000	0.659689	-233.6393	
161000	0.659689	-233.6393	
162000	0.6431968	-233.6393	
163000	0.6431968	-233.6393	
164000	0.6271169	-233.6393	
165000	0.6271169	-233.6393	
166000	0.611439	-233.6393	
167000	0.611439	-233.6393	
168000	0.596153	-233.6393	
169000	0.596153	-233.6393	
170000	0.5812492	-233.6393	
171000	0.5812492	-233.6393	
172000	0.5667179	-233.6393	
173000	0.5667179	-233.6393	
174000	0.55255	-233.6393	
175000	0.55255	-233.6393	
176000	0.5387362	-233.6393	
177000	0.5387362	-233.6393	
178000	0.5252678	-233.6393	
179000	0.5252678	-233.6393	
180000	0.5121361	-233.6393	
181000	0.5121361	-233.6393	
182000	0.4993327	-233.6393	
183000	0.4993327	-233.6393	
184000	0.4868494	-233.6393	
185000	0.4868494	-233.6393	
186000	0.4746782	-233.6393	
187000	0.4746782	-233.6393	
188000	0.4628112	-233.6393	
189000	0.4628112	-233.6393	
190000	0.4512409	-233.6393	
191000	0.4512409	-233.6393	
192000	0.4399599	-233.6393	
193000	0.4399599	-233.6393	
194000	0.4289609	-233.6393	
195000	0.4289609	-233.6393	
196000	0.4182369	-233.6393	
197000	0.4182369	-233.6393	
198000	0.407781	-233.6393	
199000	0.407781	-233.6393	
2e+05	0.3975864	-233.6393	
