Note: [none]
Total # of Iterations:	1e+05	
Sample size:	253	
Maximum likelihood:	# Parameters:	AIC corr:	AIC:	Slope:	R2:
-233.7331	4	475.6275	475.4663	1.001505	0.4607398	
Model:	mtrat6
PDF:	dnorm
Support interval range:	2

Varying parameters:
Label	MLE	Lower S.I.	Upper S.I.	Std Err	Lower Bound	Upper Bound	Final step size
MR	0.5772529	0.2020385	0.9577253	0.7907067	0	1	1	
Ta	0.1999215	0	0.2	0.3969379	0	0.2	0.2	
k	-1.748781	-2	-0.2821311	4.633159	-2	2	4	
Topt	9.811755	0	11.03434	2.60799	0	20	20	

Non-varying parameters:
Label	Value
mean	predicted	
x	rat	
tmed	tmed	
log	TRUE	


Annealing regime:
Initial temp	Rt	ns	nt
5	0.975	20	100

Variance - Covariance Matrix:
	MR	Ta	k	Topt
MR	0.6252171	-0.2826098	2.908013	-1.902604	
Ta	-0.2826098	0.1575597	-1.591313	0.8227993	
k	2.908013	-1.591313	21.46616	-9.826472	
Topt	-1.902604	0.8227993	-9.826472	6.801613	

Source data
rat	tmed	predicted	
0.4759616	11.81506	0.1288992	
0.3003152	11.736	0.1308332	
0.3938742	11.01136	0.1658878	
0.3736255	10.63505	0.2038872	
0.1600306	10.74701	0.1907188	
0.1650547	10.92373	0.1732023	
0.1405044	10.65338	0.201617	
0.2793442	10.13953	0.2819004	
0.2575962	11.37159	0.1437406	
0.2420352	10.44594	0.2299662	
0.2945809	10.68331	0.1980064	
0.1342082	10.97178	0.1690854	
0.2948654	10.09672	0.2899507	
0.1885472	10.88113	0.1770754	
0.1472617	11.48234	0.1390065	
0.1241091	10.91439	0.1740338	
0.1573864	11.61667	0.134267	
0.2249388	9.9215	0.3242376	
0.6260474	10.40382	0.2364283	
0.4121322	10.34639	0.24561	
0.5715017	9.428958	0.4208598	
0.5446219	9.050484	0.4807521	
0.4744601	9.207542	0.4581181	
0.5349582	9.288868	0.4451196	
0.3405907	8.983948	0.4893343	
0.5210497	8.392047	0.5416556	
0.4548816	9.816253	0.3454209	
0.5954203	8.801879	0.5098075	
0.5923556	8.94437	0.4941558	
0.4001922	9.426972	0.4212189	
0.4739078	8.407901	0.540734	
0.4527148	9.156835	0.4657876	
0.4141188	9.872912	0.3339923	
0.4945938	9.220841	0.4560504	
0.4601859	10.06176	0.2966374	
0.5061606	8.12988	0.55409	
0.1543426	15.39656	0.1154318	
0.1832787	15.09243	0.1154503	
0.1523323	14.97087	0.115461	
0.3161728	14.6502	0.1155029	
0.1251806	14.48524	0.1155356	
0.08662605	15.12706	0.1154477	
0.1073976	14.68435	0.1154973	
0.1177354	14.63184	0.1155061	
0.1325189	15.36337	0.1154333	
0.4343702	14.5268	0.1155264	
0.2418193	15.04664	0.1154541	
0.01669328	15.13608	0.115447	
0.1009567	14.43493	0.1155476	
0.03109615	15.50237	0.1154273	
0.1053782	15.65799	0.115422	
0.1208357	15.34972	0.115434	
0.1397098	15.58787	0.1154242	
0.08104308	14.57152	0.1155173	
0.04561179	15.32993	0.115435	
0.09793627	15.80108	0.1154183	
0.06287278	15.51106	0.1154269	
0.1351467	16.53306	0.1154089	
0.09732386	13.31781	0.116407	
0.1655779	13.11083	0.1168426	
0.1609994	12.85564	0.1176471	
0.1874337	12.68337	0.1184301	
0.0406339	12.70888	0.1182989	
0.07405498	12.9846	0.1171962	
0.05920739	12.51785	0.1194366	
0.03349928	12.51045	0.1194887	
0.09358744	13.48725	0.1161505	
0.1480221	12.65853	0.1185634	
0.1508633	12.93468	0.1173589	
0.04389473	12.90525	0.1174616	
0.1161283	12.39118	0.1204254	
0.04617053	13.19346	0.1166497	
0.07283431	13.34513	0.1163604	
0.03174495	13.01616	0.1171004	
0.08635824	13.70839	0.1159118	
0.08286346	12.15359	0.122969	
0.07499991	13.21725	0.1165991	
0.07621066	13.56741	0.1160532	
0.04650233	13.33447	0.1163783	
0.07267583	14.66723	0.1155001	
0.1684874	14.31136	0.1155819	
0.1775987	14.03289	0.1156926	
0.1766173	13.75783	0.1158699	
0.2561497	13.44531	0.1162072	
0.08581704	13.29281	0.1164517	
0.08165883	13.85621	0.1157965	
0.1181447	13.40368	0.1162676	
0.1629166	13.29086	0.1164553	
0.1210237	14.15875	0.1156358	
0.1912346	13.24589	0.116541	
0.1455412	13.70181	0.1159176	
0.02651434	13.9476	0.1157388	
0.05568562	13.13108	0.1167927	
0.03503488	14.17628	0.1156289	
0.05777684	14.40997	0.1155539	
0.02008387	14.03355	0.1156922	
0.07143941	14.3783	0.1155624	
0.06278213	13.19144	0.1166541	
0.1573845	13.22271	0.1165878	
0.09247242	13.00417	0.1171362	
0.1796374	12.71884	0.1182493	
0.1271469	12.64827	0.1186202	
0.04003083	12.66909	0.1185061	
0.1220973	12.90435	0.1174648	
0.05457975	12.35925	0.1207104	
0.09209923	12.24473	0.1218703	
0.08777828	13.21941	0.1165946	
0.147539	12.50525	0.1195256	
0.1625557	12.83743	0.1177193	
0.04442081	13.05593	0.1169869	
0.1986661	12.1365	0.1231946	
0.08226787	13.12328	0.1168117	
0.07064392	13.41941	0.1162442	
0.03355328	13.12578	0.1168056	
0.07154471	13.75114	0.1158753	
0.09808652	12.33429	0.1209443	
0.04748416	13.37264	0.1163156	
0.1259869	13.44884	0.1162022	
0.05763474	13.45395	0.1161952	
0.1068164	12.74955	0.1181014	
0.1348452	12.55089	0.1192122	
0.149858	12.19674	0.1224277	
0.1437259	12.10822	0.1235825	
0.04349623	12.14503	0.1230812	
0.09018941	12.34522	0.1208406	
0.07338176	11.82288	0.1287212	
0.04840161	11.73981	0.1307342	
0.1039761	12.75106	0.1180944	
0.1173053	11.96879	0.1257898	
0.1305473	12.25463	0.1217608	
0.03379989	12.49898	0.1195706	
0.1174534	11.61853	0.1342082	
0.05003962	12.56447	0.1191235	
0.09789741	12.8414	0.1177033	
0.03536019	12.54195	0.1192717	
0.04882452	13.19164	0.1166537	
0.07868437	11.68466	0.1322298	
0.04198474	12.74521	0.1181218	
0.09480179	12.92051	0.1174077	
0.07480113	12.89171	0.1175107	
0.26936	12.25136	0.1217967	
0.189034	12.06719	0.1241793	
0.3093132	11.65683	0.1330367	
0.2482097	11.55707	0.1362456	
0.04001177	11.61297	0.1343844	
0.1178683	11.78407	0.1296275	
0.0556492	11.27962	0.1483322	
0.1127203	11.05442	0.1626009	
0.1548122	12.19787	0.1224139	
0.2486419	11.4048	0.1422347	
0.3110653	11.72189	0.1312053	
0.0837598	11.98467	0.1255116	
0.228604	11.00224	0.16661	
0.1205257	11.95345	0.1260657	
0.1291197	12.41273	0.1202417	
0.06625869	11.93446	0.126417	
0.09849051	12.7014	0.1183368	
0.5828131	11.36156	0.1442109	
0.3738774	11.2134	0.1520543	
0.5811849	10.68792	0.1974614	
0.5059657	10.54402	0.2158353	
0.07626182	10.63039	0.2044721	
0.2310098	10.73044	0.192564	
0.1078383	10.28368	0.2561033	
0.1626592	9.905245	0.3274938	
0.29091	11.18799	0.1535818	
0.4185128	10.32817	0.2486091	
0.478777	10.55143	0.2148208	
0.2128957	10.89882	0.1754417	
0.4040281	9.824873	0.3436805	
0.197504	10.75392	0.1899607	
0.2710632	11.31034	0.1467271	
0.1525367	10.71864	0.1938987	
0.1960562	11.61003	0.1344783	
0.3262517	10.01994	0.3047515	
0.138568	11.08017	0.1607265	
0.2202332	11.42356	0.1414177	
0.1085746	12.07944	0.1239968	
0.1229677	11.90305	0.1270232	
0.1445175	11.48727	0.1388142	
0.127417	11.36707	0.1439517	
0.04128587	11.44162	0.1406531	
0.09253699	11.5831	0.1353584	
0.09946053	11.09165	0.1599122	
0.0596355	10.91769	0.1737387	
0.1932361	12.02929	0.1247683	
0.2550653	11.21354	0.152046	
0.237985	11.43551	0.1409095	
0.07283805	11.72606	0.1310944	
0.1092085	10.77581	0.1875978	
0.06899374	11.70423	0.1316834	
0.09069465	12.07968	0.1239932	
0.04204381	11.67049	0.1326359	
0.1004605	12.4234	0.1201532	
0.0970911	10.83334	0.1816795	
0.06027039	11.95002	0.1261282	
0.1406959	12.1936	0.1224657	
0.1143764	12.11509	0.1234866	
0.07969127	11.77294	0.1298984	
0.0690587	11.61888	0.1341974	
0.09859162	11.17159	0.1545987	
0.06142529	11.03588	0.1639922	
0.01988913	11.13217	0.1571429	
0.0460038	11.23782	0.1506391	
0.03301357	10.76736	0.1885024	
0.02011435	10.55713	0.2140458	
0.09045893	11.71132	0.1314899	
0.1403275	10.87116	0.1780132	
0.1341438	11.06629	0.1617281	
0.02887239	11.36616	0.1439941	
0.04479617	10.40011	0.2370082	
0.02434118	11.3142	0.1465307	
0.05118988	11.72756	0.1310547	
0.02165737	11.268	0.1489593	
0.06356096	12.07103	0.1241217	
0.3170893	11.36243	0.1441699	
0.2377955	11.21471	0.1519769	
0.3464311	10.70226	0.1957828	
0.2816574	10.55819	0.2139018	
0.09565752	10.65748	0.2011155	
0.1990407	10.74932	0.1904649	
0.1211196	10.27977	0.2567736	
0.1466144	10.04482	0.2999098	
0.2626483	11.26267	0.1492506	
0.3644781	10.39393	0.237979	
0.283016	10.56176	0.2134181	
0.1164069	10.91	0.1744272	
0.2163242	9.910485	0.3264432	
0.1126222	10.81058	0.1839712	
0.2184333	11.25379	0.1497407	
0.1012387	10.75417	0.1899332	
0.1816787	11.60485	0.1346445	
0.1813105	9.91548	0.3254425	
0.1076421	11.08597	0.1603132	
0.2435312	11.4141	0.1418265	
0.1752625	11.99493	0.1253357	
0.121445	11.90282	0.1270277	
0.1414086	11.21308	0.1520731	
0.1390418	10.82874	0.1821381	
0.08112583	10.92854	0.1727785	
0.08830946	11.12806	0.1574166	
0.07755052	10.84717	0.1803191	
0.1060988	10.35224	0.2446543	
0.1035995	11.56453	0.1359876	
0.1193004	10.65089	0.201922	
0.147881	10.90389	0.1749794	
0.09275033	11.18644	0.1536769	
0.1607469	10.31331	0.2510861	
0.1034699	11.10675	0.1588613	
0.1036026	11.68766	0.1321449	
0.07726855	11.13128	0.1572022	
0.09549652	11.82421	0.1286912	
0.0982538	10.1593	0.2782372	

Likelihood History
Iteration	Temperature	Likelihood
0	5	-233.9918	
98	5	-233.9052	
159.25	5	-233.8515	
274	5	-233.7796	
659.25	5	-233.7331	
1000	5	-233.7331	
2000	4.875	-233.7331	
3000	4.875	-233.7331	
4000	4.753125	-233.7331	
5000	4.753125	-233.7331	
6000	4.634297	-233.7331	
7000	4.634297	-233.7331	
8000	4.518439	-233.7331	
9000	4.518439	-233.7331	
10000	4.405478	-233.7331	
11000	4.405478	-233.7331	
12000	4.295342	-233.7331	
13000	4.295342	-233.7331	
14000	4.187958	-233.7331	
15000	4.187958	-233.7331	
16000	4.083259	-233.7331	
17000	4.083259	-233.7331	
18000	3.981178	-233.7331	
19000	3.981178	-233.7331	
20000	3.881648	-233.7331	
21000	3.881648	-233.7331	
22000	3.784607	-233.7331	
23000	3.784607	-233.7331	
24000	3.689992	-233.7331	
25000	3.689992	-233.7331	
26000	3.597742	-233.7331	
27000	3.597742	-233.7331	
28000	3.507798	-233.7331	
29000	3.507798	-233.7331	
30000	3.420103	-233.7331	
31000	3.420103	-233.7331	
32000	3.334601	-233.7331	
33000	3.334601	-233.7331	
34000	3.251236	-233.7331	
35000	3.251236	-233.7331	
36000	3.169955	-233.7331	
37000	3.169955	-233.7331	
38000	3.090706	-233.7331	
39000	3.090706	-233.7331	
40000	3.013438	-233.7331	
41000	3.013438	-233.7331	
42000	2.938102	-233.7331	
43000	2.938102	-233.7331	
44000	2.86465	-233.7331	
45000	2.86465	-233.7331	
46000	2.793034	-233.7331	
47000	2.793034	-233.7331	
48000	2.723208	-233.7331	
49000	2.723208	-233.7331	
50000	2.655128	-233.7331	
51000	2.655128	-233.7331	
52000	2.588749	-233.7331	
53000	2.588749	-233.7331	
54000	2.524031	-233.7331	
55000	2.524031	-233.7331	
56000	2.46093	-233.7331	
57000	2.46093	-233.7331	
58000	2.399407	-233.7331	
59000	2.399407	-233.7331	
60000	2.339421	-233.7331	
61000	2.339421	-233.7331	
62000	2.280936	-233.7331	
63000	2.280936	-233.7331	
64000	2.223913	-233.7331	
65000	2.223913	-233.7331	
66000	2.168315	-233.7331	
67000	2.168315	-233.7331	
68000	2.114107	-233.7331	
69000	2.114107	-233.7331	
70000	2.061254	-233.7331	
71000	2.061254	-233.7331	
72000	2.009723	-233.7331	
73000	2.009723	-233.7331	
74000	1.95948	-233.7331	
75000	1.95948	-233.7331	
76000	1.910493	-233.7331	
77000	1.910493	-233.7331	
78000	1.86273	-233.7331	
79000	1.86273	-233.7331	
80000	1.816162	-233.7331	
81000	1.816162	-233.7331	
82000	1.770758	-233.7331	
83000	1.770758	-233.7331	
84000	1.726489	-233.7331	
85000	1.726489	-233.7331	
86000	1.683327	-233.7331	
87000	1.683327	-233.7331	
88000	1.641244	-233.7331	
89000	1.641244	-233.7331	
90000	1.600213	-233.7331	
91000	1.600213	-233.7331	
92000	1.560207	-233.7331	
93000	1.560207	-233.7331	
94000	1.521202	-233.7331	
95000	1.521202	-233.7331	
96000	1.483172	-233.7331	
97000	1.483172	-233.7331	
98000	1.446093	-233.7331	
99000	1.446093	-233.7331	
1e+05	1.409941	-233.7331	
